clear;
c=[0,0,0,0;20,20,25,25;50,40,60,40;65,50,85,50;80,55,100,60;85,60,110,65;85,65,115,70];
x=[ 0  0  0  0;10  10  10  10; 20  20  20  20; 30  30  30  30
   40  40  40  40; 50  50  50  50;60  60  60  60];
[y,fval]=dyprog(x,-c,@decisfun2,@subfun2,@trafun2);   


clear 
f=-[0 20 50 65 80 85 85 0 20 40 50 55 60 65 0 25 60 85 100 110 115 0 25 40 50 60 65 70 0 0 0 0];
Aeq=[ones(1,7) zeros(1,25);zeros(1,7) ones(1,7) zeros(1,18);
      zeros(1,14) ones(1,7) zeros(1,11);zeros(1,21) ones(1,7) zeros(1,4)
      0   10  20   30  40   50  60  zeros(1,21) -1  0  0  0
      zeros(1,7)   0  10  20  30  40  50  60  zeros(1,14) 0  -1  0   0
      zeros(1,14)  0  10  20  30  40  50  60  zeros(1,7)  0  0  -1  0
      zeros(1,21)  0  10  20  30  40  50  60  0  0  0  -1;zeros(1,28) 1 1 1 1];
Beq=[1 1 1 1 0 0 0 0 60];LB=zeros(32,1);UB = [ones(1,28) 60 60 60 60]';
[x,val,stats]=intprog(f,[],[],1:32,Aeq,Beq,LB,UB);

