data=[11.8530    0.4800   14.3600   25.2100
      3.6810    0.3270   13.5700   25.1200
   48.2870    0.3860   14.5000   25.9000
    4.7410    0.1400    6.9000   15.7000
    4.2230    0.3400    3.8000    7.1000
    6.4420    0.1900    4.7000    9.1000
   16.2340    0.3900    3.4000    5.4000
   10.5850    0.4200    2.4000    4.7000
   48.6210    0.0820    2.0570    3.8470
  288.1490    0.1480    1.7630    2.9680
  316.6040    0.3170    1.4530    2.4320
  307.3100    0.1730    1.6270    2.7290
   82.1700    0.1050    1.2170    2.1880
    3.7770    0.8700   15.4000   28.2000
   62.8560    0.3400    5.2000    9.0000
    3.2990    0.1800    3.0000    5.2000];
[pattern_best1,d_best1]=antcluster(data,1);
[pattern_best2,d_best2]=antcluster(data,2);