x=[-0.5370   -0.0669   -0.7694   -0.1289
   -0.5513   -0.3345    0.2463    0.5991
    1.1903   -0.0372    1.5112    1.0693
    0.2798    1.6874    0.8073   -2.1613
   -1.7413   -0.7508   -0.6960    0.4474
   -0.6296   -0.8994   -0.4760    1.2209
    1.7647    0.7656   -1.0077   -0.9783
    0.0998    2.0793    1.8412   -0.6294
   -0.9102   -0.8697   -0.1754    0.9479
   -0.5370   -0.8102   -1.3744   -0.8569
    0.7245   -0.5724   -0.3844    0.1289
    0.8473   -0.1858    0.4773    0.3413];
data=guiyi_range(x,[0 1]);
 LB=[0 0 0 0;0 0 0 0;0 0 0 0;0 0 0 0];UB=[1 1 1 1;1 1 1 1;1 1 1 1;1 1 1 1];
[class,fval]=SFLAcluster(@(x)optifun33(x,data),100,10,500,30,LB,UB,data)