clear;
NIND=40;MAXGEN=50;GGAP = 0.9;P_Cross = 0.8;P_Mutation = 0.6;
Jm={3,2,1;1,3,2;2,3,1;1,2,1;3,1,2;};
T={27,8,10;6,10,5;14,10,3;25,20,16;5,12,28;};
MakeSpan =GAJSP(NIND,MAXGEN,GGAP,P_Cross,P_Mutation,Jm,T);


Jm={[3,10],1,2,[4,7],[6,8],5;2,3,[5,8],[6,7],1,[4,10];[3,9],[4,7],[6,8],1,[2,10],5;...
4,[1,9],[3,7],[2,8],5,6;5,[2,7],[3,10],[6,9],1,[4,8];2,[4,7],[6,9],1,[5,8],3;};
T = {[3,5],10,9,[5,4],[3,3],10;6,8,[1,4],[5,6],3,[3,3];[1,4],[5,7],[5,6],5,[9,11],1;...
7,[4,3],[4,6],[3,5],1,3;6,[10,12],[7,9],[8,8],5,[4,7];2,[4,7],[6,9],1,[5,8],3;};
MakeSpan =GAJSP(NIND,MAXGEN,GGAP,P_Cross,P_Mutation,Jm,T);