W=[  0     0     0     0     0     1     0     1     0     1     0
     0     0     0     0     0     0     1     0     1     0     1
     0     0     0     0     0     0     0     1     0     0     1
     0     0     0     0     0     1     0     0     1     1     0
     0     0     0     0     0     0     1     0     1     0     1
     1     0     0     1     0     0     0     0     0     0     0
     0     1     0     0     1     0     0     0     0     0     0
     1     0     1     0     0     0     0     0     0     0     0
     0     1     0     1     1     0     0     0     0     0     0
     1     0     0     1     0     0     0     0     0     0     0
     0     1     1     0     1     0     0     0     0     0     0];
[k,C]=colorcodf(W,4);