clear
x=nan*ones(14,4);c=[70 72 80 76];
x(1:7,1)=10*(0:6)';x(1:11,2)=10*(0:10)';x(1:12,3)=10*(2:13)';x(1:7,4)=10*(0:6)';
[y,fval]=dyprog(x,c,@decisfun7,@subfun7,@trafun7);

clear;
Aeq=[1 zeros(1,8) -10 0 0 0;0 1 zeros(1, 7) 0 -10 0 0; 0 0 1 zeros(1,6) 0 0 -10 0;
     0 0 0 1 zeros(1,5) 0 0 0 -10;zeros(1,4) 1 zeros(1,8);1 0 0 0 1 -1 zeros(1,7);
     0 1 0 0 0 1 -1 zeros(1,6);0 0 1 0 0 0 1 -1 zeros(1,5);0 0 0 1 0 0 0 1 -1 zeros(1,4);
     0 0 0 0 0 0 0 0 1 0 0 0 0];
LB=[0 0 0 0 0 0 0 0 0 0 0 0 0]';
UB=[100 100 100 100 100 100 100 100 0 10 10 10 10]';
f=[70 72 80 76 2*ones(1,5) 0 0 0 0];Beq=[0;0;0;0;20;60;70;120;60;0];
[x,val]=intprog(f,[],[],[10 11 12 13],Aeq,Beq,LB,UB);

