data=[1.0500    6.4500    0.9000    1.5000    2.7700    0.6300    2.0800    1.0000    1.0000    2.0000    0.9700    0.3500
    0.7500    6.4500    0.8000    1.5000    3.8000    0.5000    2.0800    1.0000    1.0000    2.0000    1.3300    0.3500
    0.6800    6.4500    0.8000    1.5000    4.2000    0.4700    2.0800    1.0000    1.0000    2.0000    1.4700    0.3500
    0.7500    3.0800    0.8000    1.2000    2.0100    0.5000    1.4500    1.0000    1.0000    2.0000    1.3000    0.6600
    1.0500    3.0800    0.9000    1.2000    1.4700    0.6300    1.4500    1.0000    1.0000    2.0000    0.9700    0.6600
    0.5900    3.0800    0.7500    1.2000    2.5300    0.4300    1.4500    1.0000    1.0000    2.0000    0.1700    0.6600
    1.4800    6.4500    0.9000    1.5000    3.8300    1.0200    2.0800    1.0000    2.0000    2.0000    1.3400    0.3500
    0.7500    6.0000    0.8000    1.5000    2.6100    0.5000    2.3800    1.0000    1.0000    3.0000    1.3300    0.5100
    1.0500    6.0000    0.9000    1.5000    1.9000    0.6300    2.6800    1.0000    1.0000    3.0000    0.9700    0.5100
    0.5900    6.0000    0.7500    1.5000    3.2700    0.4300    2.3800    1.0000    1.0000    3.0000    1.6700    0.5100
    1.7700    6.0000    1.0000    1.5000    2.2000    1.0500    2.3800    1.0000    2.0000    3.0000    1.1200    0.5100
    1.4800    6.0000    0.9000    1.5000    2.6300    1.0200    2.3800    1.0000    2.0000    3.0000    1.3400    0.5100
    1.7700    4.8400    1.0000    1.6000    1.8100    1.0500    2.4000    1.0000    2.0000    3.0000    1.1200    0.6200
    0.6800    3.7000    0.8000    1.7000    1.8100    0.4700    2.0500    2.0000    1.0000    3.0000    1.4700    0.8100
    1.7700    9.7700    1.0000    1.9000    2.6700    1.0500    3.4200    1.0000    2.0000    4.0000    1.3400    0.4200
    1.4800    9.7700    0.9000    1.9000    3.1900    1.0200    3.4200    1.0000    2.0000    4.0000    1.3400    0.4200
    0.7500    3.2300    0.8000    1.2000    1.4600    0.5000    1.8600    1.0000    1.0000    3.0000    1.3300    0.9200
    1.4800    3.2300    0.9000    1.2000    1.4600    1.0200    1.8600    1.0000    2.0000    3.0000    1.3400    0.9100
    1.4800    2.8000    0.9000    1.3000    1.1900    1.0200    1.8300    1.0000    2.0000    3.0000    1.3400    1.1300
    1.4800    2.9700    0.9000    1.3000    1.3100    1.0200    1.8900    1.0000    2.0000    3.0000    1.3400    1.0200
    1.5700    1.8200    1.6000    1.7000    1.1800    1.3300    1.4200    1.0000    2.0000    2.0000    0.8400    0.7100
    1.7700    1.8200    1.0000    1.7000    1.5800    1.0200    1.4300    1.0000    2.0000    2.0000    1.3400    0.7100
    2.5600    6.0000    1.4000    1.5000    1.0200    1.6800    2.3800    1.0000    2.0000    3.0000    0.5200    0.5100
    2.5600    4.6900    1.4000    1.4000    0.8800    1.6800    2.4800    1.0000    2.0000    3.0000    0.5200    0.5900
    0.7500    2.0600    0.8000    1.7000    1.3700    0.5000    1.4000    1.0000    1.0000    2.0000    1.3300    0.9700
    0.6300    2.0600    1.4000    1.7000    0.9800    0.6700    1.4000    1.0000    1.0000    2.0000    0.9500    0.9700
    1.4800    2.6300    0.9000    1.2000    1.1400    1.0200    1.8500    1.0000    2.0000    3.0000    1.3400    1.1800
    1.4800    2.7300    0.9000    1.3000    1.1700    1.0200    1.8500    1.0000    2.0000    3.0000    1.3400    1.1500
    1.4800    2.8000    0.9000    1.3000    1.1900    1.0200    1.8300    1.0000    2.0000    3.0000    1.3400    1.1300
    1.4800    3.0000    0.9000    1.3000    1.2500    1.0200    1.9000    1.0000    2.0000    3.0000    1.3400    1.0700
    1.4800    3.1300    0.9000    1.3000    1.3300    1.0200    1.9400    1.0000    2.0000    3.0000    1.3400    1.0100
    1.4800    3.1600    0.9000    1.2000    1.3400    1.0200    1.7600    1.0000    2.0000    2.0000    1.3400    1.0000
    1.4800    2.6800    0.9000    1.2000    1.1600    1.0200    1.8500    2.0000    2.0000    3.0000    1.3400    1.1600
    1.4800    2.8600    0.9000    1.2000    1.2000    1.0200    1.8500    2.0000    2.0000    3.0000    1.3400    1.1200
    1.4800    3.0000    0.9000    1.3000    1.2500    1.0200    1.9000    2.0000    2.0000    3.0000    1.3400    1.0700
    1.4800    3.1300    0.9000    1.3000    1.3300    1.0200    1.9400    2.0000    2.0000    3.0000    1.3400    1.0100];
data=guiyi(data);
target=[1 1 1 1 1 1 1 1 1 1 1 1 1 1 1 1 1 1 2 2 2 2 2 2 2 2 2 2 2 2 2 2 2 2 2 2]';
cBest=TSOA1(@(x)optifun40(x,data,target))