data =1.0e+003 *[0.9295    0.6023    0.0731
    0.8771    0.7010    0.0060
    1.4212    0.5422    0.1130
    1.1290    0.0005    0.1790
    1.7977    0.4300    0.1120
    0.7981    0.4552    0.5560
    1.5177    0.3250    0.2320
    2.0095    0.3864    0.1420
    2.0093    1.1290    0.1930
    0.0855    0.0716    0.1790
    4.1405    0.7600    0.2120
    2.3799    1.3145    0.1380
    5.2324    1.2066    0.1370
    0.8192    0.6150    0.1410
    0.0005    0.0005    0.0440
    0.0960    0.0847    0.3600
    0.1095    0.0782    0.0728
    0.7235    0.6415    0.1350
    0.2980    0.2283    0.1410
    0.2167    0.1891    0.3110
    0.0366    0.0267    0.2230
    0.2123    0.1170    0.2250
    0.1059    0.0666    0.4460];
data=guiyi_range(data,[0 1]);
LB=zeros(10,3);UB=ones(10,3);
[best_x,fval]=BFO1cluster(@(x)optifun68(x,data),50,2000,0.5,LB,UB);
[label,m]=mymykmeans(data,10,best_x)
