x=[6.1700   46.9100    1.0000   11.0000   24.0000   53.7800    1.5000    2.3000  291.2800    2.0000
    6.2000   43.1100    1.1000    8.0000  130.0000   50.3600    1.5000    1.9100  243.0000    2.0000
    6.2000   38.9000    3.0000   13.5000   27.0000   49.4900    1.5000    1.4500  369.5000    2.0000
    6.2000   38.9000    1.2000   13.5000    7.0000   49.4900    1.5000    1.5000  369.5000    2.0000
    6.2000   38.9000    1.2000   14.0000   30.0000   49.4900    1.5000    1.7800  369.5000    2.0000
  520.0000   65.0000   79.0000   11.0000   63.0000   53.2600    7.5000    0.7400  175.5000    0.5000
  520.0000   50.0000   15.0000   14.0000   15.0000   64.3600    8.0000    1.3700  218.8000    0.5000
  520.0000   46.0000    2.5000   15.0000    9.0000   64.3600    8.0000    1.4500  230.0000    0.5000
  520.0000   45.0000   68.0000   14.0000   75.0000   64.3600    8.0000    1.0100  187.5000    0.5000
    7.9800   28.0000    0.6000   18.0000   10.0000   64.3600    8.0000    2.0100  344.0000    0.5000
  520.0000   43.0000    1.5000   11.0000    2.0000   64.3600    8.0000    1.9100  295.4000    2.0000
  520.0000   50.0000    4.0000   13.0000   10.0000   63.9700    8.0000    2.5500  412.4000    2.0000
  520.0000   50.0000  100.0000   16.0000  153.0000   64.3600    2.0000    2.3500  369.1000    1.0000
  520.0000   42.0000   32.0000   12.0000   19.0000   66.5500    7.5000    0.6900  152.0000    0.5000];
data=guiyi_range(x,[0 1]);
LB=[0 0;0 0;0 0;0 0;0 0;0 0;0 0;0 0;0 0;0 0];UB=[1 1;1 1;1 1;1 1;1 1;1 1;1 1;1 1;1 1;1 1];
[best_fval,best_x]=MainAneal(@(x)optifun33(x,data),LB,UB)
y=myclass(data,best_x)
